PL 333 1999 2018
PL 1428 1999 2018
PL 595 2003 2018
PL 1202 2007 2018
PL 3734 2012 2018
PL 7005 2013 2018
PL 1220 2015 2018
PL 5587 2016 2018
PL 8939 2017 2018
PL 9327 2017 2018
PL 10332 2018 2018
PL 2671 1989 2017
PL 4302 1998 2017
PL 2862 2004 2017
PL 3468 2012 2017
PL 3376 2015 2017
PL 5587 2016 2017
PL 6568 2016 2017
PL 6787 2016 2017
PL 7391 2017 2017
PL 8612 2017 2017
PL 8703 2017 2017
PL 8843 2017 2017
PL 9247 2017 2017
PL 4238 2012 2016
PL 2516 2015 2016
PL 4567 2016 2016
PL 4850 2016 2016
PL 2479 2000 2015
PL 2505 2000 2015
PL 4330 2004 2015
PL 4474 2004 2015
PL 7699 2006 2015
PL 789 2007 2015
PL 1057 2007 2015
PL 2211 2007 2015
PL 3131 2008 2015
PL 4148 2008 2015
PL 3481 2012 2015
PL 3771 2012 2015
PL 4246 2012 2015
PL 5735 2013 2015
PL 6446 2013 2015
PL 7469 2014 2015
PL 7735 2014 2015
PL 7924 2014 2015
PL 10 2015 2015
PL 846 2015 2015
PL 863 2015 2015
PL 2016 2015 2015
PL 2020 2015 2015
PL 2750 2015 2015
PL 2960 2015 2015
PL 3232 1992 2014
PL 6025 2005 2014
PL 8035 2010 2014
PL 4246 2012 2014
PL 6738 2013 2014
PL 6809 2013 2014
PL 7735 2014 2014
PL 4529 2004 2013
PL 6025 2005 2013
PL 7495 2006 2013
PL 323 2007 2013
PL 708 2007 2013
PL 7663 2010 2013
PL 3471 2012 2013
PL 4470 2012 2013
PL 4904 2012 2013
PL 6053 2013 2013
PL 6397 2013 2013
PL 1876 1999 2012
PL 5403 2001 2012
PL 301 2007 2012
PL 1992 2007 2012
PL 5279 2009 2012
PL 643 2011 2012
PL 865 2011 2012
PL 2330 2011 2012
PL 2565 2011 2012
PL 2793 2011 2012
PL 3839 2012 2012
PL 1876 1999 2011
PL 3937 2004 2011
PL 382 2011 2011
PL 1209 2011 2011
PL 1749 2011 2011
PL 2944 2004 2010
PL 5186 2005 2010
PL 1481 2007 2010
PL 2502 2007 2010
PL 5417 2009 2010
PL 5940 2009 2010
PL 5941 2009 2010
PEC 77 2003 2017
PEC 209 2012 2017
PEC 395 2014 2017
PEC 199 2016 2017
PEC 212 2016 2017
PEC 282 2016 2017
PEC 304 2017 2017
PEC 209 2012 2016
PEC 395 2014 2016
PEC 1 2015 2016
PEC 4 2015 2016
PEC 11 2015 2016
PEC 233 2016 2016
PEC 241 2016 2016
PEC 171 1993 2015
PEC 215 2003 2015
PEC 457 2005 2015
PEC 471 2005 2015
PEC 475 2005 2015
PEC 590 2006 2015
PEC 182 2007 2015
PEC 443 2009 2015
PEC 172 2012 2015
PEC 197 2012 2015
PEC 209 2012 2015
PEC 352 2013 2015
PEC 358 2013 2015
PEC 395 2014 2015
PEC 74 2015 2015
PEC 471 2005 2014
PEC 103 2011 2014
PEC 111 2011 2014
PEC 197 2012 2014
PEC 247 2013 2014
PEC 290 2013 2014
PEC 293 2013 2014
PEC 358 2013 2014
PEC 426 2014 2014
PEC 434 2014 2014
PEC 3 1999 2013
PEC 349 2001 2013
PEC 544 2002 2013
PEC 565 2006 2013
PEC 190 2007 2013
PEC 368 2009 2013
PEC 37 2011 2013
PEC 55 2011 2013
PEC 90 2011 2013
PEC 111 2011 2013
PEC 207 2012 2013
PEC 346 2013 2013
PEC 438 2001 2012
PEC 153 2003 2012
PEC 416 2005 2012
PEC 471 2005 2012
PEC 270 2008 2012
PEC 445 2009 2012
PEC 478 2010 2012
PEC 98 2007 2011
PEC 270 2008 2011
PEC 445 2009 2011
PEC 61 2011 2011
PEC 47 2003 2010
PEC 300 2008 2010
PEC 446 2009 2010
PEC 507 2010 2010
